      Histogram   Peak#   MatchedTruePeak    Position      PosErr        Diff     Sigma    SigErr      Integral      IntErr
-------------------------------------------------------------------------------------------
          Ex_d0       1           0.00000     0.03000     0.00782     0.03000   0.12000   0.01420       0.00000     0.00000
          Ex_d0       2           0.93720     0.96315     0.03453     0.02595   0.07640   0.01042       3.54734     0.70337
          Ex_d0       3           1.08054     1.07155     0.04007    -0.00899   0.06140   0.01739      13.50790     4.06712
          Ex_d0       4           1.12136     1.15136     0.04649     0.03000   0.08898   0.00919      10.33480     5.35633
          Ex_d0       5           1.40000     1.37000     0.05121    -0.03000   0.05000   0.01469      21.12520     4.69737
          Ex_d0       6           1.60000     1.60675     0.01999     0.00675   0.05000   0.04340       0.36504     0.46844
          Ex_d0       7           1.90000     1.93000     0.05869     0.03000   0.05780   0.03603       0.43461     0.43912
          Ex_d0       8           1.70081     1.71550     0.03221     0.01469   0.07130   0.04071       0.35945     0.32425
          Ex_d0       9           2.52335     2.55332     0.04967     0.02997   0.05164   0.05276       0.00000     0.40905
          Ex_d1       1           0.00000     0.02792     0.00656     0.02792   0.05543   0.00930       0.06698     5.80101
          Ex_d1       2           0.93720     0.90720     0.01252    -0.03000   0.05243   0.00468       2.73777     0.76759
          Ex_d1       3           1.04155     1.03582     0.01233    -0.00573   0.05488   0.00987       5.11351     0.98996
          Ex_d1       4           1.12136     1.14847     0.00442     0.02711   0.07406   0.00615      10.70810     2.36385
          Ex_d1       5           1.40000     1.42178     0.04389     0.02178   0.09316   0.03568      18.25670     2.92396
          Ex_d1       6           1.60000     1.61921     0.01291     0.01921   0.09011   0.04049       0.94622     0.58796
          Ex_d1       7           1.90000     1.92625     0.01173     0.02625   0.11975   0.01222       0.75044     0.81527
          Ex_d1       8           1.70081     1.67097     0.04728    -0.02984   0.05000   0.00002       1.20753     0.49222
          Ex_d1       9           2.52335     2.55328     0.00015     0.02993   0.11910   0.04474       0.16245     0.24245
          Ex_d1      10           3.06184     3.03184     0.00136    -0.03000   0.09631   0.00823       0.29966     0.34190
          Ex_d1      11           3.35820     3.38594     0.00467     0.02774   0.06618   0.01723      10.19950     1.43695
          Ex_d1      12           3.72419     3.69419     0.03771    -0.03000   0.11999   0.01273       1.47332     0.59625
          Ex_d1      13           3.83917     3.86917     0.01299     0.03000   0.09163   0.01788       7.80751     1.55337
          Ex_d1      14           4.11590     4.08590     0.01165    -0.03000   0.08239   0.01481       8.45230     2.08015
          Ex_d2       1           0.00000     0.03000     0.03733     0.03000   0.05495   0.00953       2.98883     0.98237
          Ex_d2       2           0.93720     0.94845     0.02307     0.01125   0.08381   0.01535       2.01116     0.60856
          Ex_d2       3           1.08054     1.06439     0.03169    -0.01615   0.05000   0.04786       9.53354     2.36611
          Ex_d2       4           1.12136     1.15136     0.04046     0.03000   0.08196   0.00617       3.66546     4.26384
          Ex_d2       5           1.40000     1.42408     0.05369     0.02408   0.05000   0.05345      15.78320     2.31346
          Ex_d2       6           1.60000     1.63000     0.05100     0.03000   0.05023   0.05782       0.11796     0.23119
          Ex_d2       7           1.90000     1.87000     0.05111    -0.03000   0.12000   0.05892       0.00000     5.73310
          Ex_d2       8           1.70081     1.73081     0.04047     0.03000   0.05567   0.03998       0.11324     0.30273
          Ex_d2       9           2.52335     2.50364     0.01578    -0.01971   0.05000   0.04488       0.55763     0.51402
          Ex_d2      10           3.06184     3.06445     0.00756     0.00261   0.07999   0.00771       0.85499     0.90394
          Ex_d2      11           3.35820     3.38820     0.04974     0.03000   0.05000   0.05938       9.00828     1.42489
          Ex_d2      12           3.72419     3.71735     0.02110    -0.00684   0.05000   0.04731       0.01022     0.53316
          Ex_d2      13           3.79149     3.80917     0.04163     0.01768   0.12000   0.00889       1.58179     1.76638
          Ex_d2      14           4.11590     4.10550     0.00648    -0.01040   0.07575   0.00766       9.86304     1.65566
          Ex_d2      15           4.39810     4.38061     0.04876    -0.01749   0.08049   0.04997      19.73220     2.63514
          Ex_d2      16           4.65200     4.63259     0.00559    -0.01941   0.08631   0.00567       3.55193     2.39172
          Ex_d2      17           4.75300     4.75213     0.04302    -0.00087   0.11113   0.06409      40.44930     3.50856
          Ex_d2      18           4.96360     4.94042     0.00792    -0.02318   0.08085   0.00712       0.00000    27.48810
          Ex_d2      19           5.29760     5.26760     0.04651    -0.03000   0.11625   0.06087      15.93330     2.00512
          Ex_d3       1           0.00000     0.03000     0.00000     0.03000   0.05262   0.00000       0.96310     0.65200
          Ex_d3       2           0.93720     0.94105     0.00000     0.00385   0.05000   0.00000       0.51918     0.00000
          Ex_d3       3           1.04155     1.03230     0.00000    -0.00925   0.05000   0.00000       2.66393     0.00000
          Ex_d3       4           1.12136     1.15136     0.00000     0.03000   0.11437   0.00000       0.36584     0.00000
          Ex_d3       5           1.40000     1.37012     0.00000    -0.02988   0.05068   0.00000      20.46370     0.00000
          Ex_d3       6           1.60000     1.57000     0.00000    -0.03000   0.05000   0.00000       0.00000     0.00000
          Ex_d3       7           1.90000     1.92751     0.00000     0.02751   0.05000   0.00000       0.02786     0.00000
          Ex_d3       8           1.70081     1.70583     0.00000     0.00502   0.05000   0.00000       0.08255     0.00000
          Ex_d3       9           2.52335     2.49335     0.00000    -0.03000   0.05000   0.00000       0.07283     0.00000
          Ex_d3      10           3.06184     3.08853     0.00000     0.02669   0.07740   0.00000       0.19856     0.00000
          Ex_d3      11           3.35820     3.33023     0.00000    -0.02797   0.10095   0.00000       6.22590     0.00000
          Ex_d3      12           3.72419     3.75419     0.00000     0.03000   0.06719   0.00000       1.07574     0.00000
          Ex_d3      13           3.83917     3.86692     0.00000     0.02775   0.05313   0.00000       5.26114     0.00000
          Ex_d3      14           4.11590     4.11277     0.00000    -0.00313   0.07541   0.00000       5.59422     0.00000
          Ex_d3      15           4.36015     4.33015     0.00000    -0.03000   0.12000   0.00000      15.66320     0.00000
          Ex_d3      16           4.65200     4.63934     0.00000    -0.01266   0.06098   0.00000       3.28165     0.00000
          Ex_d3      17           4.75300     4.75656     0.00000     0.00356   0.05000   0.00000      23.34400     0.00000
          Ex_d3      18           4.96360     4.94276     0.00000    -0.02084   0.06808   0.00000       3.65688     0.00000
          Ex_d3      19           5.29760     5.29334     0.00000    -0.00426   0.05933   0.00000       9.79943     0.00000
          Ex_d4       1           0.00000     0.03000     0.05258     0.03000   0.12000   0.03675       0.93812     0.00000
          Ex_d4       2           0.93720     0.96720     0.05707     0.03000   0.06817   0.02386       0.06664     0.48979
          Ex_d4       3           1.08054     1.06541     0.04859    -0.01513   0.11999   0.06859       0.53909     0.32536
          Ex_d4       4           1.12136     1.15136     0.03843     0.03000   0.10627   0.00738       0.00000     3.10412
          Ex_d4       5           1.40000     1.37000     0.00422    -0.03000   0.05000   0.00236       6.47854     0.67498
          Ex_d4       6           1.60000     1.57000     0.04067    -0.03000   0.05000   0.04476       1.37396     0.28609
          Ex_d4       7           1.90000     1.93000     0.04214     0.03000   0.12000   0.04722       0.20830     0.23511
          Ex_d4       8           1.70081     1.71222     0.05020     0.01141   0.05000   0.05105       0.97442     0.70320
          Ex_d4       9           2.52335     2.49335     0.04543    -0.03000   0.12000   0.05149       0.16996     0.26163
          Ex_d4      10           3.06184     3.09184     0.04250     0.03000   0.09446   0.00910       0.58418     0.48117
          Ex_d4      11           3.35820     3.38820     0.00954     0.03000   0.05000   0.00958       3.13342     0.47240
          Ex_d4      12           3.72419     3.75419     0.05791     0.03000   0.05000   0.06275       0.53974     0.20305
          Ex_d4      13           3.83917     3.86917     0.03708     0.03000   0.05021   0.04633       1.36405     1.73381
          Ex_d4      14           4.11590     4.14229     0.00660     0.02639   0.08293   0.00493       4.73514     4.38976
          Ex_d4      15           4.39810     4.39015     0.05510    -0.00795   0.12000   0.06202       7.12026     0.66516
          Ex_d4      16           4.65200     4.65973     0.00438     0.00773   0.06488   0.00340       1.67833     0.93395
          Ex_d4      17           4.75300     4.72300     0.03055    -0.03000   0.12000   0.05479       9.24200     0.76653
          Ex_d4      18           4.96360     4.95392     0.00663    -0.00968   0.07636   0.00589       0.44668     0.67859
          Ex_d4      19           5.29760     5.31899     0.04582     0.02139   0.06856   0.02397       5.69464     0.63582
          Ex_d5       1           0.93720     0.90720     0.04938    -0.03000   0.05000   0.05754       0.56467     0.28561
          Ex_d5       2           1.04155     1.01215     0.05235    -0.02940   0.05000   0.05734       0.12146     0.23827
          Ex_d5       3           1.12136     1.15136     0.01091     0.03000   0.09211   0.01584       0.02058     1.30153
          Ex_d5       4           1.40000     1.42129     0.04419     0.02129   0.05000   0.01067       2.87928     0.76547
          Ex_d5       5           1.60000     1.62375     0.03107     0.02375   0.05000   0.01519       0.42368     0.26139
          Ex_d5       6           1.90000     1.92999     0.04948     0.02999   0.12000   0.05399       0.30976     0.22630
          Ex_d5       7           1.70081     1.67229     0.04463    -0.02852   0.07201   0.05898       0.22177     0.30719
          Ex_d5       8           2.52335     2.55335     0.04962     0.03000   0.05000   0.05977       0.00000     0.64822
          Ex_d5       9           3.06184     3.09184     0.04045     0.03000   0.05823   0.01625       0.01495     0.27106
          Ex_d5      10           3.35820     3.32820     0.04262    -0.03000   0.12000   0.05452       1.60869     0.70163
          Ex_d5      11           3.72419     3.69419     0.04450    -0.03000   0.08921   0.05392       1.16117     0.66229
          Ex_d5      12           3.83917     3.86917     0.00790     0.03000   0.07583   0.01368       0.86804     0.73327
          Ex_d5      13           4.11590     4.14590     0.00224     0.03000   0.06306   0.00999       3.80358     1.00662
          Ex_d5      14           4.36015     4.33015     0.00698    -0.03000   0.05000   0.01014       5.29269     1.23182
          Ex_d5      15           4.65200     4.66708     0.04875     0.01508   0.10728   0.01616       0.60104     0.34780
          Ex_d5      16           4.75300     4.72300     0.04289    -0.03000   0.05000   0.05560       5.51506     1.92897
          Ex_d5      17           4.96360     4.97245     0.01655     0.00885   0.07850   0.01438       1.74879     2.39675
          Ex_d5      18           5.29760     5.26760     0.04529    -0.03000   0.05000   0.05403       4.77942     1.19458

