      Histogram   Peak#   MatchedTruePeak    Position      PosErr        Diff     Sigma    SigErr      Integral      IntErr
-------------------------------------------------------------------------------------------
          Ex_d0       1           0.00000     0.03000     0.00790     0.03000   0.12000   0.01468       0.00000     0.00000
          Ex_d0       2           0.93720     0.93720     0.00000     0.00000   0.07286   0.00954       3.53976     0.71193
          Ex_d0       3           1.04155     1.04155     0.00000     0.00000   0.07660   0.05172       6.77710     4.09890
          Ex_d0       4           1.12136     1.12136     0.00000     0.00000   0.10177   0.00806       8.99262     7.42066
          Ex_d0       5           1.40000     1.40000     0.00000     0.00000   0.05000   0.04756      29.40100     6.65081
          Ex_d0       6           1.60000     1.60000     0.00000     0.00000   0.05000   0.01527       0.08778     0.28812
          Ex_d0       7           1.90000     1.90000     0.00000     0.00000   0.05000   0.05494       0.41923     0.25896
          Ex_d0       8           1.70081     1.70081     0.00000     0.00000   0.09414   0.05683       0.28052     0.36679
          Ex_d0       9           2.52335     2.52335     0.00000     0.00000   0.11997   0.06041       0.00000     0.41285
          Ex_d1       1           0.00000     0.02699     0.00988     0.02699   0.05514   0.00987       0.00604     5.79987
          Ex_d1       2           0.93720     0.93720     0.00000     0.00000   0.06440   0.00559       2.69447     0.78856
          Ex_d1       3           1.04155     1.04155     0.00000     0.00000   0.05000   0.01442       6.60909     1.24362
          Ex_d1       4           1.12136     1.12136     0.00000     0.00000   0.08590   0.00504       2.86957     1.76113
          Ex_d1       5           1.40000     1.40000     0.00000     0.00000   0.05000   0.05588      24.53570     2.56505
          Ex_d1       6           1.60000     1.60000     0.00000     0.00000   0.09370   0.04785       0.52811     0.69751
          Ex_d1       7           1.90000     1.90000     0.00000     0.00000   0.12000   0.04804       1.12471     0.78201
          Ex_d1       8           1.70081     1.70081     0.00000     0.00000   0.05011   0.05222       1.18231     0.68493
          Ex_d1       9           2.52335     2.52335     0.00000     0.00000   0.06509   0.05908       0.00063     6.88937
          Ex_d1      10           3.06184     3.06184     0.00000     0.00000   0.08950   0.00989       0.13962     0.24126
          Ex_d1      11           3.35820     3.35820     0.00000     0.00000   0.05083   0.05528       8.08600     1.39992
          Ex_d1      12           3.72419     3.72419     0.00000     0.00000   0.12000   0.00373       1.23032     1.40058
          Ex_d1      13           3.83917     3.83917     0.00000     0.00000   0.12000   0.00480       5.45823     1.52947
          Ex_d1      14           4.11590     4.11590     0.00000     0.00000   0.07568   0.01377      10.84990     1.75020
          Ex_d2       1           0.00000     0.02998     0.00831     0.02998   0.05519   0.01018       2.03886     0.65716
          Ex_d2       2           0.93720     0.93720     0.00000     0.00000   0.08380   0.00968       2.02307     0.62973
          Ex_d2       3           1.04155     1.04155     0.00000     0.00000   0.05006   0.00087       7.50777     1.50982
          Ex_d2       4           1.12136     1.12136     0.00000     0.00000   0.09339   0.00555       0.07018     0.17381
          Ex_d2       5           1.40000     1.40000     0.00000     0.00000   0.05066   0.00100      21.36460     2.08295
          Ex_d2       6           1.60000     1.60000     0.00000     0.00000   0.05000   0.00000       0.07003     0.10516
          Ex_d2       7           1.90000     1.90000     0.00000     0.00000   0.11337   0.05252       0.00001     0.08242
          Ex_d2       8           1.70081     1.70081     0.00000     0.00000   0.06965   0.02531       0.11441     0.23694
          Ex_d2       9           2.52335     2.52335     0.00000     0.00000   0.05855   0.01529       0.48777     0.33280
          Ex_d2      10           3.06184     3.06184     0.00000     0.00000   0.07902   0.00780       0.60035     0.47208
          Ex_d2      11           3.35820     3.35820     0.00000     0.00000   0.05000   0.00001       8.94584     1.44512
          Ex_d2      12           3.72419     3.72419     0.00000     0.00000   0.06326   0.03938       0.00004     0.03834
          Ex_d2      13           3.83917     3.83917     0.00000     0.00000   0.12000   0.00421       2.68658     2.13096
          Ex_d2      14           4.11590     4.11590     0.00000     0.00000   0.06770   0.00624       9.58623     2.14096
          Ex_d2      15           4.36015     4.36015     0.00000     0.00000   0.12000   0.05930      17.60810     2.28961
          Ex_d2      16           4.65200     4.65200     0.00000     0.00000   0.09526   0.00489       4.72608     2.55717
          Ex_d2      17           4.75300     4.75300     0.00000     0.00000   0.05610   0.03905      41.11300     3.11600
          Ex_d2      18           4.96360     4.96360     0.00000     0.00000   0.07251   0.00548       0.00000     0.24425
          Ex_d2      19           5.29760     5.29760     0.00000     0.00000   0.05001   0.00014      13.68320     1.63001
          Ex_d3       1           0.00000     0.03000     0.00870     0.03000   0.05679   0.05459       0.48118     0.24452
          Ex_d3       2           0.93720     0.93720     0.00000     0.00000   0.05000   0.00486       0.56240     0.61887
          Ex_d3       3           1.04155     1.04155     0.00000     0.00000   0.05103   0.05522       1.06580     0.67705
          Ex_d3       4           1.12136     1.12136     0.00000     0.00000   0.12000   0.01000       0.00000     0.43061
          Ex_d3       5           1.40000     1.40000     0.00000     0.00000   0.12000   0.05721      21.50950     2.28311
          Ex_d3       6           1.60000     1.60000     0.00000     0.00000   0.05000   0.05981       0.35743     0.43274
          Ex_d3       7           1.90000     1.90000     0.00000     0.00000   0.05000   0.05357       0.00000     0.21424
          Ex_d3       8           1.70081     1.70081     0.00000     0.00000   0.05000   0.05211       0.10963     0.31078
          Ex_d3       9           2.52335     2.52335     0.00000     0.00000   0.05000   0.05055       0.07313     0.21510
          Ex_d3      10           3.06184     3.06184     0.00000     0.00000   0.07909   0.00934       0.12852     0.21805
          Ex_d3      11           3.35820     3.35820     0.00000     0.00000   0.11985   0.06022       5.65667     1.09853
          Ex_d3      12           3.72419     3.72419     0.00000     0.00000   0.05794   0.01242       1.25203     0.74150
          Ex_d3      13           3.83917     3.83917     0.00000     0.00000   0.06933   0.01340       2.39877     1.19907
          Ex_d3      14           4.11590     4.11590     0.00000     0.00000   0.07721   0.00803       8.47065     1.98720
          Ex_d3      15           4.36015     4.36015     0.00000     0.00000   0.12000   0.05357      16.03060     2.26830
          Ex_d3      16           4.65200     4.65200     0.00000     0.00000   0.06541   0.00460       2.89619     1.48862
          Ex_d3      17           4.75300     4.75300     0.00000     0.00000   0.12000   0.01578      22.42710     2.41344
          Ex_d3      18           4.96360     4.96360     0.00000     0.00000   0.06084   0.00713       6.18788     2.19337
          Ex_d3      19           5.29760     5.29760     0.00000     0.00000   0.06060   0.01806       7.72431     1.40062
          Ex_d4       1           0.00000     0.03000     0.03903     0.03000   0.12000   0.01239       0.94880     0.47235
          Ex_d4       2           0.93720     0.93720     0.00000     0.00000   0.05000   0.06999       0.06738     0.04437
          Ex_d4       3           1.04155     1.04155     0.00000     0.00000   0.05005   0.03794       0.00000     0.00454
          Ex_d4       4           1.12136     1.12136     0.00000     0.00000   0.12000   0.00104       0.00000     3.80793
          Ex_d4       5           1.40000     1.40000     0.00000     0.00000   0.05000   0.00026       7.08864     0.13431
          Ex_d4       6           1.60000     1.60000     0.00000     0.00000   0.05851   0.00636       0.77871     0.04884
          Ex_d4       7           1.90000     1.90000     0.00000     0.00000   0.12000   0.00207       0.15199     0.03405
          Ex_d4       8           1.70081     1.70081     0.00000     0.00000   0.05000   0.00514       0.75414     0.10459
          Ex_d4       9           2.52335     2.52335     0.00000     0.00000   0.12000   0.00357       0.10412     0.04005
          Ex_d4      10           3.06184     3.06184     0.00000     0.00000   0.10177   0.00259       0.43761     0.06724
          Ex_d4      11           3.35820     3.35820     0.00000     0.00000   0.12000   0.00700       3.15582     0.12135
          Ex_d4      12           3.72419     3.72419     0.00000     0.00000   0.05000   0.00203       0.60087     0.06279
          Ex_d4      13           3.83917     3.83917     0.00000     0.00000   0.06171   0.00098       0.29022     0.05335
          Ex_d4      14           4.11590     4.11590     0.00000     0.00000   0.08320   0.00132       5.30446     0.13418
          Ex_d4      15           4.36015     4.36015     0.00000     0.00000   0.12000   0.00095       6.53058     0.15704
          Ex_d4      16           4.65200     4.65200     0.00000     0.00000   0.06021   0.00084       2.10883     0.08379
          Ex_d4      17           4.75300     4.75300     0.00000     0.00000   0.12000   0.00727       7.70574     0.17125
          Ex_d4      18           4.96360     4.96360     0.00000     0.00000   0.05804   0.00126       2.96815     0.22226
          Ex_d4      19           5.29760     5.29760     0.00000     0.00000   0.12000   0.04586       4.63897     0.14232
          Ex_d5       1           0.93720     0.90720     0.05124    -0.03000   0.05000   0.05978       0.71015     0.27583
          Ex_d5       2           1.04155     1.04155     0.00000     0.00000   0.05000   0.05978       0.00000     1.29589
          Ex_d5       3           1.12136     1.12136     0.00000     0.00000   0.09983   0.01516       0.00000     0.17738
          Ex_d5       4           1.40000     1.40000     0.00000     0.00000   0.05000   0.01512       2.66234     0.69114
          Ex_d5       5           1.60000     1.60000     0.00000     0.00000   0.05000   0.04423       0.42425     0.27328
          Ex_d5       6           1.90000     1.90000     0.00000     0.00000   0.12000   0.05636       0.23905     0.29687
          Ex_d5       7           1.70081     1.70081     0.00000     0.00000   0.07566   0.04490       0.19075     0.32012
          Ex_d5       8           2.52335     2.52335     0.00000     0.00000   0.05000   0.05979       0.03265     0.32786
          Ex_d5       9           3.06184     3.06184     0.00000     0.00000   0.06476   0.02141       0.00000     5.42185
          Ex_d5      10           3.35820     3.35820     0.00000     0.00000   0.12000   0.04475       1.31756     0.66784
          Ex_d5      11           3.72419     3.72419     0.00000     0.00000   0.10455   0.05503       1.11661     0.56024
          Ex_d5      12           3.83917     3.83917     0.00000     0.00000   0.06770   0.01392       0.95232     0.79274
          Ex_d5      13           4.11590     4.11590     0.00000     0.00000   0.12000   0.01395       2.46862     0.81279
          Ex_d5      14           4.36015     4.36015     0.00000     0.00000   0.05000   0.05986       5.82493     0.99925
          Ex_d5      15           4.65200     4.65200     0.00000     0.00000   0.09575   0.01274       0.00000     2.41017
          Ex_d5      16           4.75300     4.75300     0.00000     0.00000   0.05595   0.01385       5.19169     1.18181
          Ex_d5      17           4.96360     4.96360     0.00000     0.00000   0.07959   0.01246       1.84134     0.88084
          Ex_d5      18           5.29760     5.29760     0.00000     0.00000   0.05000   0.05978       4.85688     1.12362

