      Histogram   Peak#   MatchedTruePeak    Position      PosErr        Diff     Sigma    SigErr      Integral      IntErr
-------------------------------------------------------------------------------------------
          Ex_d0       1           0.00000     0.03000     0.00889     0.03000   0.12000   0.04384       0.00000     0.00000
          Ex_d0       2           0.93720     0.96500     0.05755     0.02780   0.07697   0.01317       3.54614     1.41478
          Ex_d0       3           1.08054     1.07155     0.04436    -0.00899   0.06063   0.01808      13.82770     4.70121
          Ex_d0       4           1.12136     1.10905     0.03755    -0.01231   0.10692   0.06166       9.86441     6.50310
          Ex_d0       5           1.12136     1.15134     0.05091     0.02998   0.08855   0.00930       0.04448    39.71520
          Ex_d0       6           1.40000     1.37022     0.00014    -0.02978   0.05000   0.00001      21.20280     4.88966
          Ex_d0       7           1.60000     1.60805     0.01680     0.00805   0.05002   0.04344       0.38575     0.40605
          Ex_d0       8           1.90000     1.93000     0.03744     0.03000   0.05552   0.01045       0.43562     0.43809
          Ex_d0       9           1.70081     1.67787     0.00413    -0.02294   0.07551   0.00571       0.35450     0.22103
          Ex_d0      10           2.10061     2.13061     0.00002     0.03000   0.05536   0.00287       0.00000     0.46546
          Ex_d0      11           2.52335     2.55285     0.00041     0.02950   0.11546   0.00616       0.00035     0.01164
          Ex_d1       1           0.00000     0.02755     0.00854     0.02755   0.05676   0.00962       0.04543     0.16890
          Ex_d1       2           0.93720     0.90720     0.00963    -0.03000   0.05287   0.00450       2.76309     0.77544
          Ex_d1       3           1.04155     1.02673     0.01690    -0.01482   0.05009   0.04483       5.22463     0.96865
          Ex_d1       4           1.08054     1.09387     0.04706     0.01333   0.05000   0.06877       8.72588     8.73495
          Ex_d1       5           1.12136     1.15136     0.04568     0.03000   0.07594   0.00679       2.78378     5.55375
          Ex_d1       6           1.40000     1.42087     0.04545     0.02087   0.05000   0.05739      17.68500     3.56132
          Ex_d1       7           1.60000     1.62965     0.05970     0.02965   0.05234   0.05840       0.74282     0.90286
          Ex_d1       8           1.90000     1.87530     0.05273    -0.02470   0.08638   0.05153       0.58700     0.87862
          Ex_d1       9           1.70081     1.68458     0.04506    -0.01623   0.07614   0.05584       0.96835     0.92123
          Ex_d1      10           2.10061     2.13061     0.05356     0.03000   0.08041   0.02831       0.30804     0.75823
          Ex_d1      11           2.52335     2.55335     0.04282     0.03000   0.11986   0.06867       0.63589     0.39627
          Ex_d1      12           3.06184     3.03184     0.00131    -0.03000   0.09685   0.00817       0.34024     0.35808
          Ex_d1      13           3.13387     3.10389     0.04673    -0.02998   0.11292   0.03961      10.26950     1.43218
          Ex_d1      14           3.35820     3.38820     0.04265     0.03000   0.06787   0.01638       0.00000     0.23869
          Ex_d1      15           3.72419     3.69419     0.01108    -0.03000   0.12000   0.01019       1.53005     0.58924
          Ex_d1      16           3.83917     3.82140     0.04736    -0.01777   0.05000   0.05390       7.84694     1.44732
          Ex_d1      17           3.83917     3.86917     0.00987     0.03000   0.09153   0.01727       0.00114    10.30290
          Ex_d1      18           4.11590     4.08590     0.01162    -0.03000   0.08349   0.01678       8.45951     2.02402
          Ex_d1      19           4.22580     4.23175     0.03306     0.00595   0.05004   0.05448       3.05685     1.01888
          Ex_d2       1           0.00000     0.03000     0.00495     0.03000   0.05502   0.00988       0.00001     0.84531
          Ex_d2       2           0.93720     0.94843     0.04514     0.01123   0.08386   0.01604       2.01465     0.62329
          Ex_d2       3           1.08054     1.06419     0.05053    -0.01635   0.05000   0.05054       9.53638     2.51531
          Ex_d2       4           1.12136     1.11053     0.00072    -0.01083   0.09293   0.01900       3.66267     4.42764
          Ex_d2       5           1.12136     1.15135     0.03901     0.02999   0.08182   0.00672       0.01205     8.38102
          Ex_d2       6           1.40000     1.41730     0.05297     0.01730   0.05205   0.00298      15.75740     2.58118
          Ex_d2       7           1.60000     1.62989     0.00008     0.02989   0.05016   0.00147       0.12498     0.20039
          Ex_d2       8           1.90000     1.87000     0.00012    -0.03000   0.05073   0.00195       0.02486     0.09785
          Ex_d2       9           1.70081     1.73081     0.00018     0.03000   0.05124   0.00086       0.08841     0.11895
          Ex_d2      10           2.10061     2.13061     0.00001     0.03000   0.05004   0.00008       0.55378     0.24711
          Ex_d2      11           2.52335     2.50374     0.00738    -0.01961   0.05004   0.00870       0.05236     0.07719
          Ex_d2      12           3.06184     3.04299     0.00839    -0.01885   0.05895   0.00766       0.86300     0.46719
          Ex_d2      13           3.13387     3.16386     0.03681     0.02999   0.05420   0.00779       7.12006     1.35563
          Ex_d2      14           3.35820     3.38820     0.00001     0.03000   0.05000   0.00001       1.97515     0.79851
          Ex_d2      15           3.72419     3.69433     0.05700    -0.02986   0.08242   0.01905       0.02085     0.07620
          Ex_d2      16           3.79149     3.76149     0.04146    -0.03000   0.05000   0.00005       3.20134     1.27991
          Ex_d2      17           3.83917     3.86917     0.00014     0.03000   0.11990   0.05206       1.26322     1.02132
          Ex_d2      18           4.11590     4.10583     0.00632    -0.01007   0.06777   0.00748       8.10179     3.88508
          Ex_d2      19           4.22580     4.25580     0.03955     0.03000   0.05000   0.00016      17.88540     2.55422
          Ex_d2      20           4.39810     4.39013     0.05270    -0.00797   0.05000   0.00009       1.53570     0.82636
          Ex_d2      21           4.39810     4.42810     0.00009     0.03000   0.05000   0.00007       2.44845     0.67728
          Ex_d2      22           4.65200     4.62203     0.04186    -0.02997   0.08199   0.00507       0.09484     0.40321
          Ex_d2      23           4.75300     4.73706     0.04645    -0.01594   0.05000   0.00022      37.45040     3.46718
          Ex_d2      24           4.86000     4.87830     0.00074     0.01830   0.05000   0.00011       3.62811     1.36228
          Ex_d2      25           4.86000     4.89000     0.00045     0.03000   0.05000   0.00011       0.76917     4.34839
          Ex_d2      26           4.96360     4.96369     0.04464     0.00009   0.07462   0.01790       3.34483     5.69956
          Ex_d2      27           5.29760     5.26772     0.05938    -0.02988   0.11964   0.06645      11.61210     4.40866
          Ex_d3       1           0.00000     0.03000     0.00000     0.03000   0.05540   0.00000       0.98293     0.68810
          Ex_d3       2           0.93720     0.94079     0.00000     0.00359   0.05000   0.00000       0.54819     0.00000
          Ex_d3       3           1.04155     1.03243     0.00000    -0.00912   0.05000   0.00000       2.66079     0.00000
          Ex_d3       4           1.08054     1.09410     0.00000     0.01356   0.08550   0.00000       0.36640     0.00000
          Ex_d3       5           1.12136     1.15136     0.00000     0.03000   0.11468   0.00000       0.00000     0.00000
          Ex_d3       6           1.40000     1.37029     0.00000    -0.02971   0.05062   0.00000      20.52610     0.00000
          Ex_d3       7           1.60000     1.57000     0.00000    -0.03000   0.05000   0.00000       0.00000     0.00000
          Ex_d3       8           1.90000     1.92573     0.00000     0.02573   0.05000   0.00000       0.03850     0.00000
          Ex_d3       9           1.70081     1.70755     0.00000     0.00674   0.05000   0.00000       0.09459     0.00000
          Ex_d3      10           2.10061     2.13061     0.00000     0.03000   0.05202   0.00000       0.08569     0.00000
          Ex_d3      11           2.52335     2.49335     0.00000    -0.03000   0.05000   0.00000       0.07116     0.00000
          Ex_d3      12           3.06184     3.07824     0.00000     0.01640   0.09228   0.00000       0.21099     0.00000
          Ex_d3      13           3.13387     3.10387     0.00000    -0.03000   0.05000   0.00000       4.22118     0.00000
          Ex_d3      14           3.35820     3.32820     0.00000    -0.03000   0.10678   0.00000       2.09667     0.00000
          Ex_d3      15           3.72419     3.71613     0.00000    -0.00806   0.05477   0.00000       1.12828     0.00000
          Ex_d3      16           3.83917     3.82149     0.00000    -0.01768   0.05003   0.00000       2.59386     0.00000
          Ex_d3      17           3.83917     3.86916     0.00000     0.02999   0.07941   0.00000       2.36660     0.00000
          Ex_d3      18           4.11590     4.10613     0.00000    -0.00977   0.05937   0.00000       6.82443     0.00000
          Ex_d3      19           4.22580     4.24107     0.00000     0.01527   0.06414   0.00000      12.99310     0.00000
          Ex_d3      20           4.36015     4.33015     0.00000    -0.03000   0.05000   0.00000       3.81465     0.00000
          Ex_d3      21           4.39810     4.42810     0.00000     0.03000   0.06014   0.00000       0.01474     0.00000
          Ex_d3      22           4.65200     4.63165     0.00000    -0.02035   0.05753   0.00000       1.26886     0.00000
          Ex_d3      23           4.75300     4.72300     0.00000    -0.03000   0.05000   0.00000      20.68110     0.00000
          Ex_d3      24           4.86000     4.87830     0.00000     0.01830   0.11822   0.00000       4.57725     0.00000
          Ex_d3      25           4.86000     4.89000     0.00000     0.03000   0.05002   0.00000       5.88532     0.00000
          Ex_d3      26           4.96360     4.95108     0.00000    -0.01252   0.05463   0.00000       0.00000     0.00000
          Ex_d3      27           5.29760     5.29724     0.00000    -0.00036   0.05442   0.00000       5.83730     0.00000
          Ex_d4       1           0.00000    -0.02995     0.05040    -0.02995   0.05000   0.05977       0.88673     0.00000
          Ex_d4       2           0.93720     0.90747     0.05259    -0.02973   0.05000   0.05634       0.00000     2.47798
          Ex_d4       3           1.04155     1.01369     0.04259    -0.02786   0.05000   0.05000       0.23093     0.40777
          Ex_d4       4           1.12136     1.11023     0.05298    -0.01113   0.11985   0.05822       0.45921     0.77548
          Ex_d4       5           1.12136     1.15136     0.03742     0.03000   0.10441   0.02008       0.00000     5.24301
          Ex_d4       6           1.40000     1.37000     0.00788    -0.03000   0.05000   0.00516       6.31992     1.53888
          Ex_d4       7           1.60000     1.57000     0.04183    -0.03000   0.05000   0.04689       1.42134     0.57820
          Ex_d4       8           1.90000     1.93000     0.05125     0.03000   0.05001   0.05973       0.22547     0.29097
          Ex_d4       9           1.70081     1.73081     0.04941     0.03000   0.05000   0.05274       1.67751     3.98797
          Ex_d4      10           2.10061     2.07062     0.05111    -0.02999   0.10153   0.03938       0.35542     0.55831
          Ex_d4      11           2.52335     2.49335     0.04819    -0.03000   0.12000   0.05632       0.99269     1.08065
          Ex_d4      12           3.06184     3.03184     0.04594    -0.03000   0.05000   0.04859       0.53999     0.58200
          Ex_d4      13           3.13387     3.16387     0.01212     0.03000   0.05185   0.01256       1.38897     1.40859
          Ex_d4      14           3.35820     3.38820     0.04050     0.03000   0.05000   0.04941       1.73051     0.61313
          Ex_d4      15           3.72419     3.74507     0.03465     0.02088   0.05000   0.05987       0.58965     0.63545
          Ex_d4      16           3.83917     3.82144     0.05046    -0.01773   0.07144   0.05927       1.05317     2.59285
          Ex_d4      17           3.83917     3.86907     0.05262     0.02990   0.05751   0.01312       0.03140   164.59900
          Ex_d4      18           4.11590     4.09461     0.01557    -0.02129   0.05292   0.04397       5.26607     3.85537
          Ex_d4      19           4.22580     4.19587     0.05166    -0.02993   0.06383   0.02267       3.23245     2.92915
          Ex_d4      20           4.36015     4.33015     0.05120    -0.03000   0.05000   0.05963       3.81322     1.91585
          Ex_d4      21           4.39810     4.42810     0.04959     0.03000   0.12000   0.05762       0.03976     3.51704
          Ex_d4      22           4.65200     4.66160     0.00702     0.00960   0.06419   0.00730       1.70255     1.13451
          Ex_d4      23           4.75300     4.72300     0.05123    -0.03000   0.06544   0.03565       9.37012     1.56089
          Ex_d4      24           4.86000     4.87830     0.05132     0.01830   0.05001   0.05931       0.00000    10.33420
          Ex_d4      25           4.86000     4.89000     0.05126     0.03000   0.05001   0.05942       0.00000     1.48745
          Ex_d4      26           4.96360     4.95197     0.01037    -0.01163   0.07847   0.01281       0.00000     1.46611
          Ex_d4      27           5.29760     5.31957     0.04871     0.02197   0.06788   0.04279       5.85035     1.37727
          Ex_d5       1           0.93720     0.90720     0.00000    -0.03000   0.05001   0.00000       0.56610     0.50152
          Ex_d5       2           1.04155     1.01159     0.00000    -0.02996   0.05001   0.00000       0.23720     0.00000
          Ex_d5       3           1.12136     1.11054     0.00000    -0.01082   0.11991   0.00000       0.01355     0.00000
          Ex_d5       4           1.12136     1.15136     0.00000     0.03000   0.09909   0.00000       0.00000     0.00000
          Ex_d5       5           1.40000     1.42506     0.00000     0.02506   0.05000   0.00000       3.38304     0.00000
          Ex_d5       6           1.60000     1.61525     0.00000     0.01525   0.05000   0.00000       0.58481     0.00000
          Ex_d5       7           1.90000     1.87000     0.00000    -0.03000   0.07837   0.00000       0.46336     0.00000
          Ex_d5       8           1.70081     1.73079     0.00000     0.02998   0.08868   0.00000       0.32928     0.00000
          Ex_d5       9           2.10061     2.13061     0.00000     0.03000   0.12000   0.00000       0.15814     0.00000
          Ex_d5      10           2.52335     2.55335     0.00000     0.03000   0.12000   0.00000       0.52885     0.00000
          Ex_d5      11           3.06184     3.03184     0.00000    -0.03000   0.12000   0.00000       0.45045     0.00000
          Ex_d5      12           3.13387     3.10387     0.00000    -0.03000   0.05000   0.00000       0.81019     0.00000
          Ex_d5      13           3.35820     3.32820     0.00000    -0.03000   0.12000   0.00000       1.22454     0.00000
          Ex_d5      14           3.72419     3.69419     0.00000    -0.03000   0.12000   0.00000       1.36160     0.00000
          Ex_d5      15           3.79149     3.78073     0.00000    -0.01076   0.05000   0.00000       0.98484     0.00000
          Ex_d5      16           3.83917     3.86917     0.00000     0.03000   0.09146   0.00000       0.00000     0.00000
          Ex_d5      17           4.11590     4.14590     0.00000     0.03000   0.05145   0.00000       4.35702     0.00000
          Ex_d5      18           4.22580     4.24992     0.00000     0.02412   0.06414   0.00000       4.25556     0.00000
          Ex_d5      19           4.36015     4.33015     0.00000    -0.03000   0.05000   0.00000       1.79151     0.00000
          Ex_d5      20           4.39810     4.42810     0.00000     0.03000   0.05000   0.00000       0.12277     0.00000
          Ex_d5      21           4.65200     4.62200     0.00000    -0.03000   0.09680   0.00000       0.00000     0.00000
          Ex_d5      22           4.75300     4.72300     0.00000    -0.03000   0.05000   0.00000       4.20109     0.00000
          Ex_d5      23           4.84830     4.82918     0.00000    -0.01912   0.05000   0.00000       2.80412     0.00000
          Ex_d5      24           4.86000     4.89000     0.00000     0.03000   0.05481   0.00000       0.73672     0.00000
          Ex_d5      25           4.96360     4.97641     0.00000     0.01281   0.07807   0.00000       0.00000     0.00000
          Ex_d5      26           5.29760     5.26760     0.00000    -0.03000   0.05000   0.00000       4.87964     0.00000

