      Histogram   Peak#   MatchedTruePeak    Position      PosErr        Diff     Sigma    SigErr      Integral      IntErr
-------------------------------------------------------------------------------------------
          Ex_d0       1           0.00000     0.03000     0.00910     0.03000   0.12000   0.04428       0.00000     0.00000
          Ex_d0       2           0.93720     0.93720     0.00000     0.00000   0.07289   0.01008       3.53956     1.42303
          Ex_d0       3           1.04155     1.04155     0.00000     0.00000   0.07681   0.04833       6.75613     4.77193
          Ex_d0       4           1.12136     1.12136     0.00000     0.00000   0.10179   0.00868       9.03912     7.41974
          Ex_d0       5           1.40000     1.40000     0.00000     0.00000   0.05000   0.05450      29.37370     7.61675
          Ex_d0       6           1.60000     1.60000     0.00000     0.00000   0.05000   0.04474       0.08728     0.29365
          Ex_d0       7           1.90000     1.90000     0.00000     0.00000   0.05000   0.06973       0.41887     0.43839
          Ex_d0       8           1.70081     1.70081     0.00000     0.00000   0.05016   0.05976       0.28012     0.43716
          Ex_d0       9           2.52335     2.52335     0.00000     0.00000   0.05009   0.04504       0.00000     1.14213
          Ex_d1       1           0.00000     0.02699     0.00144     0.02699   0.05514   0.00099       0.00560     5.72125
          Ex_d1       2           0.93720     0.93720     0.00000     0.00000   0.06440   0.00070       2.69450     0.08123
          Ex_d1       3           1.04155     1.04155     0.00000     0.00000   0.05000   0.00031       6.60909     0.14234
          Ex_d1       4           1.12136     1.12136     0.00000     0.00000   0.08590   0.00051       2.86952     0.16145
          Ex_d1       5           1.40000     1.40000     0.00000     0.00000   0.05000   0.00107      24.53590     0.25089
          Ex_d1       6           1.60000     1.60000     0.00000     0.00000   0.09379   0.00462       0.52758     0.04195
          Ex_d1       7           1.90000     1.90000     0.00000     0.00000   0.12000   0.00060       1.12640     0.08184
          Ex_d1       8           1.70081     1.70081     0.00000     0.00000   0.05197   0.06072       1.18222     0.06115
          Ex_d1       9           2.52335     2.52335     0.00000     0.00000   0.06506   0.01005       0.00000   108.23600
          Ex_d1      10           3.06184     3.06184     0.00000     0.00000   0.08950   0.00095       0.13951     0.03333
          Ex_d1      11           3.35820     3.35820     0.00000     0.00000   0.05083   0.00165       8.08600     0.13985
          Ex_d1      12           3.72419     3.72419     0.00000     0.00000   0.12000   0.00008       1.23031     0.06303
          Ex_d1      13           3.83917     3.83917     0.00000     0.00000   0.12000   0.00010       5.45817     0.13780
          Ex_d1      14           4.11590     4.11590     0.00000     0.00000   0.07568   0.00171      10.85000     0.15308
          Ex_d2       1           0.00000     0.03000     0.03724     0.03000   0.05464   0.00949       2.03886     0.08135
          Ex_d2       2           0.93720     0.93720     0.00000     0.00000   0.08337   0.00972       1.99519     0.60669
          Ex_d2       3           1.04155     1.04155     0.00000     0.00000   0.05000   0.05783       7.47981     1.58937
          Ex_d2       4           1.12136     1.12136     0.00000     0.00000   0.09334   0.00601       0.06734     6.89654
          Ex_d2       5           1.40000     1.40000     0.00000     0.00000   0.05000   0.05688      21.36310     2.45536
          Ex_d2       6           1.60000     1.60000     0.00000     0.00000   0.05000   0.05879       0.06455     0.22889
          Ex_d2       7           1.90000     1.90000     0.00000     0.00000   0.05001   0.05946       0.00000     0.12384
          Ex_d2       8           1.70081     1.70081     0.00000     0.00000   0.07144   0.02629       0.03621     0.16661
          Ex_d2       9           2.52335     2.52335     0.00000     0.00000   0.05770   0.03686       0.50916     0.34321
          Ex_d2      10           3.06184     3.06184     0.00000     0.00000   0.07933   0.00786       0.61005     0.65986
          Ex_d2      11           3.35820     3.35820     0.00000     0.00000   0.05000   0.05882       8.96790     1.44698
          Ex_d2      12           3.72419     3.72419     0.00000     0.00000   0.06844   0.04149       0.00000     0.23910
          Ex_d2      13           3.83917     3.83917     0.00000     0.00000   0.12000   0.00432       2.83062     2.14175
          Ex_d2      14           4.11590     4.11590     0.00000     0.00000   0.06798   0.00615       9.46097     1.97375
          Ex_d2      15           4.36015     4.36015     0.00000     0.00000   0.12000   0.04972      17.67220     2.27174
          Ex_d2      16           4.65200     4.65200     0.00000     0.00000   0.09566   0.00491       4.70769     2.21129
          Ex_d2      17           4.75300     4.75300     0.00000     0.00000   0.05003   0.05797      41.25210     3.16523
          Ex_d2      18           4.96360     4.96360     0.00000     0.00000   0.07139   0.00539       0.00000     0.21170
          Ex_d2      19           5.29760     5.29760     0.00000     0.00000   0.10300   0.05462      13.58360     1.63220
          Ex_d3       1           0.00000     0.03000     0.00870     0.03000   0.05673   0.03505       0.82323     0.57700
          Ex_d3       2           0.93720     0.93720     0.00000     0.00000   0.05000   0.00486       0.56224     0.46050
          Ex_d3       3           1.04155     1.04155     0.00000     0.00000   0.10258   0.06121       1.06557     0.67709
          Ex_d3       4           1.12136     1.12136     0.00000     0.00000   0.12000   0.01001       0.00000     0.51602
          Ex_d3       5           1.40000     1.40000     0.00000     0.00000   0.12000   0.05717      21.50950     2.28398
          Ex_d3       6           1.60000     1.60000     0.00000     0.00000   0.07534   0.05714       0.35747     0.43270
          Ex_d3       7           1.90000     1.90000     0.00000     0.00000   0.05000   0.05368       0.00000     0.37983
          Ex_d3       8           1.70081     1.70081     0.00000     0.00000   0.05000   0.05207       0.10954     0.31085
          Ex_d3       9           2.52335     2.52335     0.00000     0.00000   0.05000   0.05054       0.07274     0.21518
          Ex_d3      10           3.06184     3.06184     0.00000     0.00000   0.07909   0.00934       0.12848     0.21801
          Ex_d3      11           3.35820     3.35820     0.00000     0.00000   0.11997   0.05972       5.65623     1.09849
          Ex_d3      12           3.72419     3.72419     0.00000     0.00000   0.05792   0.01241       1.25222     0.73625
          Ex_d3      13           3.83917     3.83917     0.00000     0.00000   0.06933   0.01340       2.39827     1.19864
          Ex_d3      14           4.11590     4.11590     0.00000     0.00000   0.07721   0.00803       8.47073     1.98723
          Ex_d3      15           4.36015     4.36015     0.00000     0.00000   0.12000   0.05350      16.03030     2.26828
          Ex_d3      16           4.65200     4.65200     0.00000     0.00000   0.06541   0.00460       2.89595     1.48699
          Ex_d3      17           4.75300     4.75300     0.00000     0.00000   0.12000   0.01577      22.42640     2.41227
          Ex_d3      18           4.96360     4.96360     0.00000     0.00000   0.06084   0.00712       6.18832     2.19274
          Ex_d3      19           5.29760     5.29760     0.00000     0.00000   0.06061   0.01807       7.72417     1.39884
          Ex_d4       1           0.00000    -0.02969     0.03895    -0.02969   0.05000   0.04800       0.94882     0.47241
          Ex_d4       2           0.93720     0.93720     0.00000     0.00000   0.05000   0.04821       0.00000     0.83185
          Ex_d4       3           1.04155     1.04155     0.00000     0.00000   0.05000   0.04801       0.00000     0.15613
          Ex_d4       4           1.12136     1.12136     0.00000     0.00000   0.11999   0.04763       0.00000     0.31470
          Ex_d4       5           1.40000     1.40000     0.00000     0.00000   0.05000   0.00740       6.97393     2.87235
          Ex_d4       6           1.60000     1.60000     0.00000     0.00000   0.05000   0.05118       0.74304     0.33053
          Ex_d4       7           1.90000     1.90000     0.00000     0.00000   0.05012   0.04692       0.10344     0.21744
          Ex_d4       8           1.70081     1.70081     0.00000     0.00000   0.05000   0.04635       0.77647     1.20215
          Ex_d4       9           2.52335     2.52335     0.00000     0.00000   0.05000   0.05027       0.16781     0.31254
          Ex_d4      10           3.06184     3.06184     0.00000     0.00000   0.10692   0.01621       0.17575     0.42167
          Ex_d4      11           3.35820     3.35820     0.00000     0.00000   0.05000   0.04338       3.29961     0.80626
          Ex_d4      12           3.72419     3.72419     0.00000     0.00000   0.05000   0.04497       0.35383     0.39890
          Ex_d4      13           3.83917     3.83917     0.00000     0.00000   0.06167   0.01055       0.27770     0.54022
          Ex_d4      14           4.11590     4.11590     0.00000     0.00000   0.08280   0.01285       5.27937     1.20697
          Ex_d4      15           4.36015     4.36015     0.00000     0.00000   0.12000   0.01576       6.47848     1.40001
          Ex_d4      16           4.65200     4.65200     0.00000     0.00000   0.06167   0.00774       2.09116     0.64873
          Ex_d4      17           4.75300     4.75300     0.00000     0.00000   0.10994   0.05524       8.10268     1.54086
          Ex_d4      18           4.96360     4.96360     0.00000     0.00000   0.06729   0.01692       2.19568     1.84598
          Ex_d4      19           5.29760     5.29760     0.00000     0.00000   0.05000   0.05976       5.00161     1.67897
          Ex_d5       1           0.93720     0.90720     0.04684    -0.03000   0.05028   0.05226       0.45744     0.59306
          Ex_d5       2           1.04155     1.04155     0.00000     0.00000   0.05001   0.05507       0.00000     0.87529
          Ex_d5       3           1.12136     1.12136     0.00000     0.00000   0.09890   0.01493       0.00000     0.17797
          Ex_d5       4           1.40000     1.40000     0.00000     0.00000   0.05000   0.01391       2.61589     0.68029
          Ex_d5       5           1.60000     1.60000     0.00000     0.00000   0.05000   0.04333       0.41137     0.26565
          Ex_d5       6           1.90000     1.90000     0.00000     0.00000   0.05000   0.05986       0.22433     0.27631
          Ex_d5       7           1.70081     1.70081     0.00000     0.00000   0.05000   0.05736       0.05705     0.24124
          Ex_d5       8           2.52335     2.52335     0.00000     0.00000   0.05000   0.05473       0.04374     0.15637
          Ex_d5       9           3.06184     3.06184     0.00000     0.00000   0.06290   0.02047       0.00000     0.42203
          Ex_d5      10           3.35820     3.35820     0.00000     0.00000   0.12000   0.04385       1.29021     0.64978
          Ex_d5      11           3.72419     3.72419     0.00000     0.00000   0.10398   0.05388       1.09582     0.54665
          Ex_d5      12           3.83917     3.83917     0.00000     0.00000   0.06772   0.01378       0.92819     0.77441
          Ex_d5      13           4.11590     4.11590     0.00000     0.00000   0.12000   0.01349       2.46899     0.80923
          Ex_d5      14           4.36015     4.36015     0.00000     0.00000   0.05000   0.05474       5.79968     0.98086
          Ex_d5      15           4.65200     4.65200     0.00000     0.00000   0.09545   0.01265       0.00000     1.54411
          Ex_d5      16           4.75300     4.75300     0.00000     0.00000   0.05606   0.01357       5.16075     1.17356
          Ex_d5      17           4.96360     4.96360     0.00000     0.00000   0.07926   0.01233       1.85355     0.87615
          Ex_d5      18           5.29760     5.29760     0.00000     0.00000   0.05000   0.05474       4.83654     1.11488

