      Histogram   Peak#   MatchedTruePeak    Position      PosErr        Diff     Sigma    SigErr      Integral      IntErr
-------------------------------------------------------------------------------------------
          Ex_d0       1           0.00000     0.03000     0.00000     0.03000   0.12000   0.00000       0.00000     0.00000
          Ex_d0       2           0.93720     0.96307     0.00000     0.02587   0.07638   0.00000       3.54762     0.00000
          Ex_d0       3           1.08054     1.07155     0.00000    -0.00899   0.06143   0.00000      13.48920     0.00000
          Ex_d0       4           1.12136     1.15136     0.00000     0.03000   0.08907   0.00000      10.35080     0.00000
          Ex_d0       5           1.40000     1.37086     0.00000    -0.02914   0.05000   0.00000      21.13530     0.00000
          Ex_d0       6           1.60000     1.60684     0.00000     0.00684   0.05000   0.00000       0.35890     0.00000
          Ex_d0       7           1.90000     1.93000     0.00000     0.03000   0.05778   0.00000       0.43477     0.00000
          Ex_d0       8           1.70081     1.72858     0.00000     0.02777   0.05000   0.00000       0.35967     0.00000
          Ex_d0       9           2.52335     2.55314     0.00000     0.02979   0.05001   0.00000       0.00000     0.00000
          Ex_d1       1           0.00000     0.02731     0.00000     0.02731   0.05591   0.00000       0.07527     0.00000
          Ex_d1       2           0.93720     0.90720     0.00000    -0.03000   0.05260   0.00000       2.72722     0.00000
          Ex_d1       3           1.04155     1.03045     0.00000    -0.01110   0.05115   0.00000       5.14495     0.00000
          Ex_d1       4           1.12136     1.13968     0.00000     0.01832   0.07913   0.00000       8.37329     0.00000
          Ex_d1       5           1.40000     1.42055     0.00000     0.02055   0.05007   0.00000      20.82060     0.00000
          Ex_d1       6           1.60000     1.62569     0.00000     0.02569   0.05191   0.00000       0.71933     0.00000
          Ex_d1       7           1.90000     1.92988     0.00000     0.02988   0.12000   0.00000       0.51939     0.00000
          Ex_d1       8           1.70081     1.70164     0.00000     0.00083   0.09386   0.00000       1.15257     0.00000
          Ex_d1       9           2.52335     2.55335     0.00000     0.03000   0.12000   0.00000       0.44965     0.00000
          Ex_d1      10           3.06184     3.03184     0.00000    -0.03000   0.09625   0.00000       0.29246     0.00000
          Ex_d1      11           3.35820     3.38820     0.00000     0.03000   0.06766   0.00000      10.19820     0.00000
          Ex_d1      12           3.72419     3.69419     0.00000    -0.03000   0.12000   0.00000       1.50065     0.00000
          Ex_d1      13           3.83917     3.86917     0.00000     0.03000   0.09172   0.00000       7.78327     0.00000
          Ex_d1      14           4.11590     4.08590     0.00000    -0.03000   0.08188   0.00000       8.49736     0.00000
          Ex_d2       1           0.00000     0.02994     0.00273     0.02994   0.05521   0.00735       2.97553     0.00000
          Ex_d2       2           0.93720     0.94888     0.03914     0.01168   0.08381   0.01772       2.00655     0.54970
          Ex_d2       3           1.08054     1.06496     0.05056    -0.01558   0.05006   0.04710       9.56377     2.68213
          Ex_d2       4           1.12136     1.15135     0.04224     0.02999   0.08177   0.00641       3.68594     4.46903
          Ex_d2       5           1.40000     1.37000     0.00003    -0.03000   0.05001   0.00003      15.67340     2.45521
          Ex_d2       6           1.60000     1.59671     0.00402    -0.00329   0.05000   0.00000       0.07642     0.12194
          Ex_d2       7           1.90000     1.87000     0.00003    -0.03000   0.05000   0.00001       0.04789     0.08139
          Ex_d2       8           1.70081     1.73077     0.00012     0.02996   0.05001   0.00002       0.08609     0.14706
          Ex_d2       9           2.52335     2.50251     0.00266    -0.02084   0.05000   0.00002       0.53864     0.24111
          Ex_d2      10           3.06184     3.06443     0.00755     0.00259   0.07981   0.00769       0.83759     0.47225
          Ex_d2      11           3.35820     3.32820     0.00002    -0.03000   0.05043   0.00025       8.99392     1.42495
          Ex_d2      12           3.72419     3.72010     0.02296    -0.00409   0.08299   0.02140       0.00300     0.05563
          Ex_d2      13           3.83917     3.86917     0.00058     0.03000   0.11959   0.04580       4.67694     1.71982
          Ex_d2      14           4.11590     4.10650     0.00649    -0.00940   0.07027   0.00665       7.64026     3.76380
          Ex_d2      15           4.39810     4.38989     0.05551    -0.00821   0.11903   0.05848      18.19530     2.30841
          Ex_d2      16           4.65200     4.62955     0.00572    -0.02245   0.08178   0.00631       5.29101     2.87901
          Ex_d2      17           4.75300     4.72300     0.00068    -0.03000   0.11810   0.00280      35.44500     4.22112
          Ex_d2      18           4.96360     4.94603     0.01021    -0.01757   0.07927   0.00836       4.80749     5.15714
          Ex_d2      19           5.29760     5.28503     0.01600    -0.01257   0.10223   0.05470      14.93140     2.15241
          Ex_d3       1           0.00000     0.03000     0.00011     0.03000   0.05000   0.00003       0.85056     0.63818
          Ex_d3       2           0.93720     0.94306     0.01093     0.00586   0.05002   0.00392       0.50896     0.24258
          Ex_d3       3           1.08054     1.06861     0.05790    -0.01193   0.05000   0.00023       2.79194     0.78151
          Ex_d3       4           1.12136     1.15136     0.00588     0.03000   0.11428   0.00610       0.00921     2.89876
          Ex_d3       5           1.40000     1.37000     0.00005    -0.03000   0.05000   0.00002      20.67260     1.87179
          Ex_d3       6           1.60000     1.57000     0.00001    -0.03000   0.05000   0.00001       0.00049     0.44821
          Ex_d3       7           1.90000     1.91224     0.00651     0.01224   0.05000   0.00001       0.02672     0.09428
          Ex_d3       8           1.70081     1.73081     0.00002     0.03000   0.05000   0.00001       0.08373     0.24631
          Ex_d3       9           2.52335     2.49335     0.00003    -0.03000   0.05000   0.00003       0.05235     0.18760
          Ex_d3      10           3.06184     3.08838     0.00883     0.02654   0.07714   0.00903       0.19127     0.22032
          Ex_d3      11           3.35820     3.32820     0.00008    -0.03000   0.10205   0.05651       6.20639     1.17025
          Ex_d3      12           3.72419     3.75405     0.04545     0.02986   0.06702   0.01148       1.08804     0.75390
          Ex_d3      13           3.83917     3.86693     0.04328     0.02776   0.05303   0.04997       5.25494     1.76005
          Ex_d3      14           4.11590     4.11274     0.00692    -0.00316   0.07540   0.00756       5.59367     5.39526
          Ex_d3      15           4.36015     4.33015     0.00040    -0.03000   0.11993   0.06917      15.66360     2.15587
          Ex_d3      16           4.65200     4.63911     0.01192    -0.01289   0.06087   0.00704       3.28288     2.05777
          Ex_d3      17           4.75300     4.75574     0.04635     0.00274   0.05014   0.06120      23.27630     3.66798
          Ex_d3      18           4.96360     4.94283     0.01019    -0.02077   0.06803   0.00940       3.72182     5.33061
          Ex_d3      19           5.29760     5.29445     0.01798    -0.00315   0.06013   0.01393       9.79315     1.79295
          Ex_d4       1           0.00000    -0.02998     0.00000    -0.02998   0.05000   0.00000       0.93953     0.41049
          Ex_d4       2           0.93720     0.90905     0.00000    -0.02815   0.05000   0.00000       0.00000     0.00000
          Ex_d4       3           1.04155     1.01381     0.00000    -0.02774   0.05000   0.00000       0.21892     0.00000
          Ex_d4       4           1.12136     1.15136     0.00000     0.03000   0.10436   0.00000       0.45334     0.00000
          Ex_d4       5           1.40000     1.37000     0.00000    -0.03000   0.05000   0.00000       6.29313     0.00000
          Ex_d4       6           1.60000     1.57000     0.00000    -0.03000   0.05000   0.00000       1.40575     0.00000
          Ex_d4       7           1.90000     1.93000     0.00000     0.03000   0.12000   0.00000       0.20179     0.00000
          Ex_d4       8           1.70081     1.71250     0.00000     0.01169   0.05000   0.00000       0.95062     0.00000
          Ex_d4       9           2.52335     2.49335     0.00000    -0.03000   0.12000   0.00000       0.16612     0.00000
          Ex_d4      10           3.06184     3.09184     0.00000     0.03000   0.09426   0.00000       0.56095     0.00000
          Ex_d4      11           3.35820     3.38820     0.00000     0.03000   0.05000   0.00000       3.11889     0.00000
          Ex_d4      12           3.72419     3.75419     0.00000     0.03000   0.05000   0.00000       0.53409     0.00000
          Ex_d4      13           3.83917     3.86917     0.00000     0.03000   0.05026   0.00000       1.35679     0.00000
          Ex_d4      14           4.11590     4.14229     0.00000     0.02639   0.08280   0.00000       4.73522     0.00000
          Ex_d4      15           4.39810     4.39015     0.00000    -0.00795   0.12000   0.00000       7.10653     0.00000
          Ex_d4      16           4.65200     4.66031     0.00000     0.00831   0.06577   0.00000       1.68345     0.00000
          Ex_d4      17           4.75300     4.72300     0.00000    -0.03000   0.10052   0.00000       9.55856     0.00000
          Ex_d4      18           4.96360     4.95241     0.00000    -0.01119   0.07769   0.00000       0.00002     0.00000
          Ex_d4      19           5.29760     5.31895     0.00000     0.02135   0.06609   0.00000       5.80909     0.00000
          Ex_d5       1           0.93720     0.90720     0.03315    -0.03000   0.05000   0.06078       0.55213     0.00000
          Ex_d5       2           1.04155     1.01155     0.03236    -0.03000   0.05000   0.05670       0.12592     0.24776
          Ex_d5       3           1.12136     1.15136     0.03748     0.03000   0.09241   0.01542       0.01916     1.50123
          Ex_d5       4           1.40000     1.42160     0.04729     0.02160   0.05000   0.01269       2.89903     0.76987
          Ex_d5       5           1.60000     1.62502     0.05247     0.02502   0.05000   0.04575       0.43004     0.27093
          Ex_d5       6           1.90000     1.87000     0.05771    -0.03000   0.05000   0.06948       0.32753     0.36763
          Ex_d5       7           1.70081     1.67105     0.05837    -0.02976   0.05412   0.06788       0.23826     0.45013
          Ex_d5       8           2.52335     2.55335     0.05012     0.03000   0.12000   0.01448       0.00000     0.61606
          Ex_d5       9           3.06184     3.09184     0.04683     0.03000   0.05863   0.01773       0.12359     0.23436
          Ex_d5      10           3.35820     3.32820     0.05241    -0.03000   0.12000   0.06794       1.61797     0.74881
          Ex_d5      11           3.72419     3.69419     0.05773    -0.03000   0.09016   0.05391       1.16941     0.77942
          Ex_d5      12           3.83917     3.86917     0.00930     0.03000   0.07588   0.01442       0.88022     0.79565
          Ex_d5      13           4.11590     4.14590     0.00233     0.03000   0.06311   0.01024       3.80631     1.07088
          Ex_d5      14           4.36015     4.33015     0.00796    -0.03000   0.05000   0.01198       5.29991     1.25358
          Ex_d5      15           4.65200     4.66671     0.03063     0.01471   0.10730   0.02029       0.60472     0.36173
          Ex_d5      16           4.75300     4.72300     0.05408    -0.03000   0.05000   0.06652       5.50948     2.34453
          Ex_d5      17           4.96360     4.97239     0.02151     0.00879   0.07866   0.01826       1.75929     3.01790
          Ex_d5      18           5.29760     5.26760     0.05967    -0.03000   0.05000   0.06931       4.79210     1.38095

