      Histogram   Peak#   MatchedTruePeak    Position      PosErr        Diff     Sigma    SigErr      Integral      IntErr
-------------------------------------------------------------------------------------------
          Ex_d0       1           0.00000     0.03000     0.00787     0.03000   0.12000   0.01272       0.00000     0.00000
          Ex_d0       2           0.93720     0.93720     0.00000     0.00000   0.05957   0.01910       3.59444     0.68284
          Ex_d0       3           1.04155     1.04155     0.00000     0.00000   0.07552   0.05708       1.66612     1.57892
          Ex_d0       4           1.08054     1.08054     0.00000     0.00000   0.11469   0.00456       0.00000     9.94434
          Ex_d0       5           1.12136     1.12136     0.00000     0.00000   0.05000   0.04410      42.17090     4.92592
          Ex_d0       6           1.40000     1.40000     0.00000     0.00000   0.05000   0.04813       1.44956     3.00037
          Ex_d0       7           1.60000     1.60000     0.00000     0.00000   0.05000   0.01566       0.08429     0.26565
          Ex_d0       8           1.90000     1.90000     0.00000     0.00000   0.05000   0.05664       0.44847     0.26768
          Ex_d0       9           1.70081     1.70081     0.00000     0.00000   0.05086   0.05534       0.29225     0.38487
          Ex_d0      10           2.10061     2.10061     0.00000     0.00000   0.12000   0.05821       0.00001     4.07056
          Ex_d0      11           2.52335     2.52335     0.00000     0.00000   0.05000   0.06000       0.12605     0.26210
          Ex_d1       1           0.00000     0.02726     0.00094     0.02726   0.05596   0.00065       0.07969     0.70228
          Ex_d1       2           0.93720     0.93720     0.00000     0.00000   0.06482   0.00046       2.72953     0.05347
          Ex_d1       3           1.04155     1.04155     0.00000     0.00000   0.05000   0.00013       6.65920     0.09360
          Ex_d1       4           1.08054     1.08054     0.00000     0.00000   0.05316   0.06133       2.84084     0.10577
          Ex_d1       5           1.12136     1.12136     0.00000     0.00000   0.08600   0.00034       0.00001     0.12543
          Ex_d1       6           1.40000     1.40000     0.00000     0.00000   0.05000   0.00046      24.58960     0.16495
          Ex_d1       7           1.60000     1.60000     0.00000     0.00000   0.11004   0.00449       0.50373     0.02696
          Ex_d1       8           1.90000     1.90000     0.00000     0.00000   0.06979   0.00341       1.00494     0.05877
          Ex_d1       9           1.70081     1.70081     0.00000     0.00000   0.11999   0.00831       0.50441     0.04451
          Ex_d1      10           2.10061     2.10061     0.00000     0.00000   0.09686   0.00331       0.51012     0.05150
          Ex_d1      11           2.52335     2.52335     0.00000     0.00000   0.06885   0.00636       0.65504     0.03526
          Ex_d1      12           3.06184     3.06184     0.00000     0.00000   0.09006   0.00062       0.17286     0.02348
          Ex_d1      13           3.13387     3.13387     0.00000     0.00000   0.05002   0.06652       8.14689     0.09209
          Ex_d1      14           3.35820     3.35820     0.00000     0.00000   0.05106   0.00108       0.00000     0.00080
          Ex_d1      15           3.72419     3.72419     0.00000     0.00000   0.12000   0.00003       1.25317     0.04161
          Ex_d1      16           3.79149     3.79149     0.00000     0.00000   0.05000   0.03530       5.52587     0.09057
          Ex_d1      17           3.83917     3.83917     0.00000     0.00000   0.12000   0.00004       0.00000     0.00323
          Ex_d1      18           4.11590     4.11590     0.00000     0.00000   0.07699   0.00112      10.83760     0.10054
          Ex_d1      19           4.22580     4.22580     0.00000     0.00000   0.05021   0.06912       2.09929     0.05395
          Ex_d2       1           0.00000     0.03000     0.03721     0.03000   0.05506   0.00957       0.00000     0.80767
          Ex_d2       2           0.93720     0.93720     0.00000     0.00000   0.08380   0.00984       2.01667     0.61098
          Ex_d2       3           1.04155     1.04155     0.00000     0.00000   0.05000   0.05901       7.51699     1.55480
          Ex_d2       4           1.08054     1.08054     0.00000     0.00000   0.05001   0.05833       0.00216    90.29250
          Ex_d2       5           1.12136     1.12136     0.00000     0.00000   0.09355   0.00683       0.09550    11.04910
          Ex_d2       6           1.40000     1.40000     0.00000     0.00000   0.05000   0.05724      21.34320     3.38361
          Ex_d2       7           1.60000     1.60000     0.00000     0.00000   0.05004   0.05978       0.07322     0.23624
          Ex_d2       8           1.90000     1.90000     0.00000     0.00000   0.05018   0.06128       0.00000     0.12583
          Ex_d2       9           1.70081     1.70081     0.00000     0.00000   0.07340   0.02700       0.03441     0.17976
          Ex_d2      10           2.10061     2.10061     0.00000     0.00000   0.09225   0.04731       0.53383     0.35409
          Ex_d2      11           2.52335     2.52335     0.00000     0.00000   0.05871   0.03791       0.07982     0.21680
          Ex_d2      12           3.06184     3.06184     0.00000     0.00000   0.07974   0.00795       0.62687     0.66982
          Ex_d2      13           3.13387     3.13387     0.00000     0.00000   0.05000   0.05930       8.99790     1.45512
          Ex_d2      14           3.35820     3.35820     0.00000     0.00000   0.05003   0.05975       0.00000     1.54415
          Ex_d2      15           3.72419     3.72419     0.00000     0.00000   0.07805   0.05338       0.00000     0.32314
          Ex_d2      16           3.79149     3.79149     0.00000     0.00000   0.05004   0.05979       3.12890     2.49298
          Ex_d2      17           3.83917     3.83917     0.00000     0.00000   0.12000   0.00530       0.00000     0.53832
          Ex_d2      18           4.11590     4.11590     0.00000     0.00000   0.06934   0.00616       9.12128     1.79870
          Ex_d2      19           4.22580     4.22580     0.00000     0.00000   0.05000   0.05901      18.12810     2.27654
          Ex_d2      20           4.36015     4.36015     0.00000     0.00000   0.05002   0.05854       0.00000     0.31122
          Ex_d2      21           4.39810     4.39810     0.00000     0.00000   0.11597   0.05887       0.00000     0.55079
          Ex_d2      22           4.65200     4.65200     0.00000     0.00000   0.08850   0.00543       5.65275     3.07301
          Ex_d2      23           4.75300     4.75300     0.00000     0.00000   0.05000   0.05904      39.22450     3.35661
          Ex_d2      24           4.84830     4.84830     0.00000     0.00000   0.05000   0.05905       0.00000     0.24300
          Ex_d2      25           4.86000     4.86000     0.00000     0.00000   0.05000   0.01370       0.00000     1.18092
          Ex_d2      26           4.96360     4.96360     0.00000     0.00000   0.07059   0.00581       1.62109     1.28074
          Ex_d2      27           5.29760     5.29760     0.00000     0.00000   0.10780   0.03920      13.05060     1.68892
          Ex_d3       1           0.00000     0.03000     0.00906     0.03000   0.05343   0.05540       0.87276     0.50062
          Ex_d3       2           0.93720     0.93720     0.00000     0.00000   0.05000   0.00485       0.52757     0.61408
          Ex_d3       3           1.04155     1.04155     0.00000     0.00000   0.05000   0.05672       1.02191     0.67520
          Ex_d3       4           1.08054     1.08054     0.00000     0.00000   0.05000   0.05658       0.00000     0.41315
          Ex_d3       5           1.12136     1.12136     0.00000     0.00000   0.12000   0.00630       0.00000     0.30005
          Ex_d3       6           1.40000     1.40000     0.00000     0.00000   0.05000   0.05991      21.60700     1.80821
          Ex_d3       7           1.60000     1.60000     0.00000     0.00000   0.05000   0.05667       0.12151     0.31148
          Ex_d3       8           1.90000     1.90000     0.00000     0.00000   0.05000   0.05235       0.00000     1.02378
          Ex_d3       9           1.70081     1.70081     0.00000     0.00000   0.05000   0.05104       0.08189     0.29939
          Ex_d3      10           2.10061     2.10061     0.00000     0.00000   0.05000   0.05675       0.08170     0.21822
          Ex_d3      11           2.52335     2.52335     0.00000     0.00000   0.05000   0.04943       0.00089     6.46048
          Ex_d3      12           3.06184     3.06184     0.00000     0.00000   0.07492   0.01352       0.11502     0.20883
          Ex_d3      13           3.13387     3.13387     0.00000     0.00000   0.06214   0.02165       3.94884     1.24904
          Ex_d3      14           3.35820     3.35820     0.00000     0.00000   0.08777   0.02591       2.42415     1.25557
          Ex_d3      15           3.72419     3.72419     0.00000     0.00000   0.06211   0.02177       0.93210     0.46407
          Ex_d3      16           3.79149     3.79149     0.00000     0.00000   0.05000   0.05656       1.27432     1.50680
          Ex_d3      17           3.83917     3.83917     0.00000     0.00000   0.08969   0.02005       0.00000     2.80849
          Ex_d3      18           4.11590     4.11590     0.00000     0.00000   0.06426   0.01213      10.55410     2.65053
          Ex_d3      19           4.22580     4.22580     0.00000     0.00000   0.05786   0.05716      13.78230     3.01410
          Ex_d3      20           4.36015     4.36015     0.00000     0.00000   0.09477   0.05499       1.74830     2.38895
          Ex_d3      21           4.39810     4.39810     0.00000     0.00000   0.05387   0.04651       2.23663     1.53009
          Ex_d3      22           4.65200     4.65200     0.00000     0.00000   0.06907   0.00436       0.00000     2.23347
          Ex_d3      23           4.75300     4.75300     0.00000     0.00000   0.05000   0.05664      26.28640     2.43781
          Ex_d3      24           4.84830     4.84830     0.00000     0.00000   0.05000   0.05691       0.00000     1.80310
          Ex_d3      25           4.86000     4.86000     0.00000     0.00000   0.06277   0.02166       0.00000     4.01765
          Ex_d3      26           4.96360     4.96360     0.00000     0.00000   0.05927   0.00792       3.19176     1.48580
          Ex_d3      27           5.29760     5.29760     0.00000     0.00000   0.06115   0.01840       7.33472     1.63772
          Ex_d4       1           0.00000    -0.02959     0.04871    -0.02959   0.05000   0.05978       0.94545     0.47430
          Ex_d4       2           0.93720     0.93720     0.00000     0.00000   0.05000   0.05985       0.00000     2.26808
          Ex_d4       3           1.04155     1.04155     0.00000     0.00000   0.05000   0.05977       0.00000     0.17637
          Ex_d4       4           1.08054     1.08054     0.00000     0.00000   0.05000   0.05988       0.00000     0.30623
          Ex_d4       5           1.12136     1.12136     0.00000     0.00000   0.12000   0.04575       0.00000     0.30983
          Ex_d4       6           1.40000     1.40000     0.00000     0.00000   0.05000   0.00847       7.10245     2.81549
          Ex_d4       7           1.60000     1.60000     0.00000     0.00000   0.05846   0.05645       0.78394     0.34195
          Ex_d4       8           1.90000     1.90000     0.00000     0.00000   0.05000   0.05981       0.16095     0.27114
          Ex_d4       9           1.70081     1.70081     0.00000     0.00000   0.05000   0.05424       0.81825     1.35505
          Ex_d4      10           2.10061     2.10061     0.00000     0.00000   0.11996   0.06002       0.16801     0.34052
          Ex_d4      11           2.52335     2.52335     0.00000     0.00000   0.11933   0.06225       0.78484     0.65819
          Ex_d4      12           3.06184     3.06184     0.00000     0.00000   0.09916   0.02389       0.40553     0.48447
          Ex_d4      13           3.13387     3.13387     0.00000     0.00000   0.06642   0.01981       2.04350     1.18047
          Ex_d4      14           3.35820     3.35820     0.00000     0.00000   0.05000   0.04988       1.12932     0.90941
          Ex_d4      15           3.72419     3.72419     0.00000     0.00000   0.05000   0.05978       0.42094     0.48961
          Ex_d4      16           3.79149     3.79149     0.00000     0.00000   0.05000   0.05964       0.00000     0.45761
          Ex_d4      17           3.83917     3.83917     0.00000     0.00000   0.07419   0.00899       0.00000     0.26043
          Ex_d4      18           4.11590     4.11590     0.00000     0.00000   0.06240   0.01165       6.06330     1.14253
          Ex_d4      19           4.22580     4.22580     0.00000     0.00000   0.05000   0.05886       5.00288     1.25714
          Ex_d4      20           4.36015     4.36015     0.00000     0.00000   0.05001   0.06010       1.88729     2.32800
          Ex_d4      21           4.39810     4.39810     0.00000     0.00000   0.12000   0.05870       0.00003     7.92229
          Ex_d4      22           4.65200     4.65200     0.00000     0.00000   0.06183   0.00781       1.77739     1.03473
          Ex_d4      23           4.75300     4.75300     0.00000     0.00000   0.08435   0.05238       8.38403     1.75924
          Ex_d4      24           4.84830     4.84830     0.00000     0.00000   0.05000   0.05545       1.49637     1.89164
          Ex_d4      25           4.86000     4.86000     0.00000     0.00000   0.05001   0.06020       0.48465     1.29969
          Ex_d4      26           4.96360     4.96360     0.00000     0.00000   0.05695   0.01457       0.00026    78.62430
          Ex_d4      27           5.29760     5.29760     0.00000     0.00000   0.12000   0.05770       4.82399     1.67900
          Ex_d5       1           0.93720     0.90720     0.04671    -0.03000   0.05001   0.05415       0.72016     0.47227
          Ex_d5       2           1.04155     1.04155     0.00000     0.00000   0.05000   0.05439       0.00000     0.91269
          Ex_d5       3           1.08054     1.08054     0.00000     0.00000   0.05000   0.05446       0.00000     0.17773
          Ex_d5       4           1.12136     1.12136     0.00000     0.00000   0.09908   0.01501       0.00000     0.22040
          Ex_d5       5           1.40000     1.40000     0.00000     0.00000   0.05000   0.01386       2.62464     0.68342
          Ex_d5       6           1.60000     1.60000     0.00000     0.00000   0.05000   0.04329       0.41380     0.26662
          Ex_d5       7           1.90000     1.90000     0.00000     0.00000   0.05000   0.06005       0.22710     0.27892
          Ex_d5       8           1.70081     1.70081     0.00000     0.00000   0.05000   0.05714       0.06028     0.24124
          Ex_d5       9           2.10061     2.10061     0.00000     0.00000   0.05000   0.05732       0.04597     0.16033
          Ex_d5      10           2.52335     2.52335     0.00000     0.00000   0.05000   0.05454       0.02287     0.19549
          Ex_d5      11           3.06184     3.06184     0.00000     0.00000   0.05000   0.04364       0.00000     0.49446
          Ex_d5      12           3.13387     3.13387     0.00000     0.00000   0.06779   0.02393       0.66583     0.74421
          Ex_d5      13           3.35820     3.35820     0.00000     0.00000   0.12000   0.05001       1.11699     0.64232
          Ex_d5      14           3.72419     3.72419     0.00000     0.00000   0.05023   0.05630       0.96042     0.56358
          Ex_d5      15           3.79149     3.79149     0.00000     0.00000   0.05000   0.05460       0.00000     0.23175
          Ex_d5      16           3.83917     3.83917     0.00000     0.00000   0.10438   0.01472       0.00000     0.21262
          Ex_d5      17           4.11590     4.11590     0.00000     0.00000   0.05000   0.00875       4.48162     0.99290
          Ex_d5      18           4.22580     4.22580     0.00000     0.00000   0.06725   0.01142       2.58913     0.75830
          Ex_d5      19           4.36015     4.36015     0.00000     0.00000   0.05000   0.05447       3.10359     0.82928
          Ex_d5      20           4.39810     4.39810     0.00000     0.00000   0.05000   0.05462       0.00000     0.45011
          Ex_d5      21           4.65200     4.65200     0.00000     0.00000   0.09805   0.01308       0.00000     0.25529
          Ex_d5      22           4.75300     4.75300     0.00000     0.00000   0.05586   0.01355       5.27671     1.19944
          Ex_d5      23           4.84830     4.84830     0.00000     0.00000   0.05000   0.05449       1.80342     0.86942
          Ex_d5      24           4.86000     4.86000     0.00000     0.00000   0.05000   0.05444       0.00000     0.40401
          Ex_d5      25           4.96360     4.96360     0.00000     0.00000   0.07911   0.01240       0.00000     0.38188
          Ex_d5      26           5.29760     5.29760     0.00000     0.00000   0.05000   0.05447       4.81922     1.11783

