      Histogram   Peak#   MatchedTruePeak    Position      PosErr        Diff     Sigma    SigErr      Integral      IntErr
-------------------------------------------------------------------------------------------
          Ex_d0       1           0.00000     0.03000     0.00790     0.03000   0.12000   0.01470       0.00000     0.00000
          Ex_d0       2           0.93720     0.93720     0.00000     0.00000   0.07288   0.00953       3.53953     0.71162
          Ex_d0       3           1.04155     1.04155     0.00000     0.00000   0.07677   0.04768       6.75996     4.13231
          Ex_d0       4           1.12136     1.12136     0.00000     0.00000   0.10179   0.00807       9.03148     7.07248
          Ex_d0       5           1.40000     1.40000     0.00000     0.00000   0.05000   0.04760      29.37830     6.70031
          Ex_d0       6           1.60000     1.60000     0.00000     0.00000   0.05000   0.01527       0.08730     0.28645
          Ex_d0       7           1.90000     1.90000     0.00000     0.00000   0.05000   0.05490       0.41896     0.25823
          Ex_d0       8           1.70081     1.70081     0.00000     0.00000   0.05166   0.05375       0.28010     0.36497
          Ex_d0       9           2.52335     2.52335     0.00000     0.00000   0.05000   0.05999       0.00000     1.11956
          Ex_d1       1           0.00000     0.02699     0.00183     0.02699   0.05514   0.00126       0.00467    15.36390
          Ex_d1       2           0.93720     0.93720     0.00000     0.00000   0.06439   0.00089       2.69446     0.10325
          Ex_d1       3           1.04155     1.04155     0.00000     0.00000   0.05000   0.00050       6.60902     0.18093
          Ex_d1       4           1.12136     1.12136     0.00000     0.00000   0.08590   0.00065       2.86957     0.20600
          Ex_d1       5           1.40000     1.40000     0.00000     0.00000   0.05000   0.00173      24.53580     0.31894
          Ex_d1       6           1.60000     1.60000     0.00000     0.00000   0.09374   0.00589       0.52786     0.05449
          Ex_d1       7           1.90000     1.90000     0.00000     0.00000   0.12000   0.00096       1.12547     0.10461
          Ex_d1       8           1.70081     1.70081     0.00000     0.00000   0.05107   0.04065       1.18229     0.07807
          Ex_d1       9           2.52335     2.52335     0.00000     0.00000   0.06506   0.01261       0.00000   126.25500
          Ex_d1      10           3.06184     3.06184     0.00000     0.00000   0.08950   0.00121       0.13952     0.04213
          Ex_d1      11           3.35820     3.35820     0.00000     0.00000   0.05083   0.00208       8.08599     0.17778
          Ex_d1      12           3.72419     3.72419     0.00000     0.00000   0.12000   0.00012       1.23030     0.07996
          Ex_d1      13           3.83917     3.83917     0.00000     0.00000   0.12000   0.00016       5.45826     0.17520
          Ex_d1      14           4.11590     4.11590     0.00000     0.00000   0.07568   0.00217      10.84990     0.19480
          Ex_d2       1           0.00000     0.03000     0.03732     0.03000   0.05499   0.00956       2.03886     0.10340
          Ex_d2       2           0.93720     0.93720     0.00000     0.00000   0.08375   0.00977       2.01302     0.61043
          Ex_d2       3           1.04155     1.04155     0.00000     0.00000   0.05000   0.05888       7.50723     1.58874
          Ex_d2       4           1.12136     1.12136     0.00000     0.00000   0.09340   0.00600       0.05904     7.51706
          Ex_d2       5           1.40000     1.40000     0.00000     0.00000   0.05004   0.05717      21.37770     2.42854
          Ex_d2       6           1.60000     1.60000     0.00000     0.00000   0.05002   0.05922       0.07294     0.23294
          Ex_d2       7           1.90000     1.90000     0.00000     0.00000   0.12000   0.05795       0.00000     0.14628
          Ex_d2       8           1.70081     1.70081     0.00000     0.00000   0.07000   0.02609       0.13944     0.26933
          Ex_d2       9           2.52335     2.52335     0.00000     0.00000   0.05840   0.05311       0.48914     0.33678
          Ex_d2      10           3.06184     3.06184     0.00000     0.00000   0.07959   0.00791       0.62127     0.77609
          Ex_d2      11           3.35820     3.35820     0.00000     0.00000   0.05000   0.05975       8.98676     1.45183
          Ex_d2      12           3.72419     3.72419     0.00000     0.00000   0.07292   0.05746       0.00000     0.28427
          Ex_d2      13           3.83917     3.83917     0.00000     0.00000   0.12000   0.00461       2.94766     2.66975
          Ex_d2      14           4.11590     4.11590     0.00000     0.00000   0.06811   0.00612       9.35089     1.95568
          Ex_d2      15           4.36015     4.36015     0.00000     0.00000   0.12000   0.05043      17.70250     2.26533
          Ex_d2      16           4.65200     4.65200     0.00000     0.00000   0.09569   0.00491       4.70566     2.23503
          Ex_d2      17           4.75300     4.75300     0.00000     0.00000   0.11991   0.05857      41.26740     3.16760
          Ex_d2      18           4.96360     4.96360     0.00000     0.00000   0.07139   0.00539       0.00000     0.83804
          Ex_d2      19           5.29760     5.29760     0.00000     0.00000   0.10372   0.05508      13.58770     1.63184
          Ex_d3       1           0.00000     0.03000     0.00031     0.03000   0.05674   0.00390       0.83500     0.58377
          Ex_d3       2           0.93720     0.93720     0.00000     0.00000   0.05000   0.00015       0.56208     0.05626
          Ex_d3       3           1.04155     1.04155     0.00000     0.00000   0.05000   0.03541       1.06549     0.10351
          Ex_d3       4           1.12136     1.12136     0.00000     0.00000   0.12000   0.00035       0.00000     0.01324
          Ex_d3       5           1.40000     1.40000     0.00000     0.00000   0.12000   0.01050      21.51010     0.22498
          Ex_d3       6           1.60000     1.60000     0.00000     0.00000   0.08910   0.04872       0.35713     0.07012
          Ex_d3       7           1.90000     1.90000     0.00000     0.00000   0.05000   0.00398       0.00000     5.37739
          Ex_d3       8           1.70081     1.70081     0.00000     0.00000   0.05000   0.00292       0.10962     0.04736
          Ex_d3       9           2.52335     2.52335     0.00000     0.00000   0.05000   0.00224       0.07267     0.03317
          Ex_d3      10           3.06184     3.06184     0.00000     0.00000   0.07909   0.00119       0.12849     0.02929
          Ex_d3      11           3.35820     3.35820     0.00000     0.00000   0.12000   0.05660       5.65640     0.14060
          Ex_d3      12           3.72419     3.72419     0.00000     0.00000   0.05793   0.00184       1.25281     0.59435
          Ex_d3      13           3.83917     3.83917     0.00000     0.00000   0.06933   0.00113       2.39859     0.12626
          Ex_d3      14           4.11590     4.11590     0.00000     0.00000   0.07721   0.00075       8.47075     0.20167
          Ex_d3      15           4.36015     4.36015     0.00000     0.00000   0.12000   0.00384      16.03010     0.24503
          Ex_d3      16           4.65200     4.65200     0.00000     0.00000   0.06541   0.00051       2.89595     0.14087
          Ex_d3      17           4.75300     4.75300     0.00000     0.00000   0.12000   0.00064      22.42640     0.29094
          Ex_d3      18           4.96360     4.96360     0.00000     0.00000   0.06084   0.00087       6.18822     0.21227
          Ex_d3      19           5.29760     5.29760     0.00000     0.00000   0.06061   0.00277       7.72418     0.17523
          Ex_d4       1           0.00000    -0.02966     0.04897    -0.02966   0.05000   0.05990       0.94883     0.06633
          Ex_d4       2           0.93720     0.93720     0.00000     0.00000   0.05001   0.05943       0.00000     1.12790
          Ex_d4       3           1.04155     1.04155     0.00000     0.00000   0.05000   0.05990       0.00000     0.16402
          Ex_d4       4           1.12136     1.12136     0.00000     0.00000   0.12000   0.05041       0.00000     0.31050
          Ex_d4       5           1.40000     1.40000     0.00000     0.00000   0.05000   0.00859       7.02795     3.05095
          Ex_d4       6           1.60000     1.60000     0.00000     0.00000   0.09593   0.04237       0.75589     0.34036
          Ex_d4       7           1.90000     1.90000     0.00000     0.00000   0.05000   0.05983       0.00000     1.88255
          Ex_d4       8           1.70081     1.70081     0.00000     0.00000   0.09423   0.05608       0.45859     1.15341
          Ex_d4       9           2.52335     2.52335     0.00000     0.00000   0.12000   0.05536       0.39257     0.43158
          Ex_d4      10           3.06184     3.06184     0.00000     0.00000   0.10656   0.01685       0.38560     0.47031
          Ex_d4      11           3.35820     3.35820     0.00000     0.00000   0.05000   0.04784       3.32015     0.82459
          Ex_d4      12           3.72419     3.72419     0.00000     0.00000   0.05000   0.05129       0.37105     0.43827
          Ex_d4      13           3.83917     3.83917     0.00000     0.00000   0.06154   0.01085       0.29739     0.57442
          Ex_d4      14           4.11590     4.11590     0.00000     0.00000   0.08317   0.01324       5.27805     1.23060
          Ex_d4      15           4.36015     4.36015     0.00000     0.00000   0.12000   0.04588       6.51426     1.43140
          Ex_d4      16           4.65200     4.65200     0.00000     0.00000   0.06012   0.00820       2.08798     0.98877
          Ex_d4      17           4.75300     4.75300     0.00000     0.00000   0.12000   0.05662       7.68775     1.53085
          Ex_d4      18           4.96360     4.96360     0.00000     0.00000   0.05772   0.01483       2.97172     2.08503
          Ex_d4      19           5.29760     5.29760     0.00000     0.00000   0.12000   0.05963       4.62042     1.61810
          Ex_d5       1           0.93720     0.90720     0.05124    -0.03000   0.05000   0.05968       0.68821     0.46872
          Ex_d5       2           1.04155     1.04155     0.00000     0.00000   0.05000   0.05986       0.00000     1.27902
          Ex_d5       3           1.12136     1.12136     0.00000     0.00000   0.09983   0.01515       0.00000     0.17724
          Ex_d5       4           1.40000     1.40000     0.00000     0.00000   0.05000   0.01511       2.66238     0.69054
          Ex_d5       5           1.60000     1.60000     0.00000     0.00000   0.05000   0.04423       0.42408     0.27311
          Ex_d5       6           1.90000     1.90000     0.00000     0.00000   0.12000   0.05628       0.23891     0.29679
          Ex_d5       7           1.70081     1.70081     0.00000     0.00000   0.07594   0.05700       0.19034     0.31962
          Ex_d5       8           2.52335     2.52335     0.00000     0.00000   0.05082   0.05578       0.03274     0.32905
          Ex_d5       9           3.06184     3.06184     0.00000     0.00000   0.06473   0.02129       0.00001     5.34197
          Ex_d5      10           3.35820     3.35820     0.00000     0.00000   0.12000   0.04474       1.31726     0.66406
          Ex_d5      11           3.72419     3.72419     0.00000     0.00000   0.10455   0.05503       1.11648     0.56007
          Ex_d5      12           3.83917     3.83917     0.00000     0.00000   0.06770   0.01392       0.95210     0.79261
          Ex_d5      13           4.11590     4.11590     0.00000     0.00000   0.12000   0.01397       2.46860     0.81278
          Ex_d5      14           4.36015     4.36015     0.00000     0.00000   0.05000   0.06000       5.82509     0.99976
          Ex_d5      15           4.65200     4.65200     0.00000     0.00000   0.09576   0.01274       0.00000     2.37891
          Ex_d5      16           4.75300     4.75300     0.00000     0.00000   0.05595   0.01382       5.19175     1.18147
          Ex_d5      17           4.96360     4.96360     0.00000     0.00000   0.07958   0.01246       1.84133     0.87986
          Ex_d5      18           5.29760     5.29760     0.00000     0.00000   0.05000   0.05982       4.85660     1.12350

